start=1574.320000
volume=102.000000
aid=2
