start=3583.446533
volume=96.000000
