start=124.390933
speed=0.564525
pause=yes
