start=1395.060333
volume=80.000000
