start=171.880000
speed=1.000030
aid=1
sub-delay=-0.000000
