start=6306.933967
volume=102.000000
