start=2709.943277
volume=84.000000
