start=99.065732
volume=102.000000
