start=399.066000
volume=102.000000
