start=2520.384533
pause=yes
volume=82.000000
