start=3467.046917
volume=30.000000
fullscreen=yes
