start=4822.067250
pause=yes
volume=70.000000
