start=3409.286000
speed=1.000010
aid=1
