start=40.073367
volume=98.000000
