start=3423.750000
fullscreen=yes
aid=1
sub-delay=-0.000000
