start=630.333333
volume=104.000000
fullscreen=yes
