start=3400.263533
volume=76.000000
fullscreen=yes
