start=4597.926667
pause=yes
volume=106.000000
