start=1049.666667
volume=96.000000
