start=4487.821389
pause=yes
volume=98.000000
