start=325.560000
volume=96.000000
fullscreen=yes
