start=2358.155800
volume=78.000000
fullscreen=yes
