start=776.108000
pause=yes
volume=130.000000
