start=1908.208208
volume=78.000000
fullscreen=yes
