start=1610.609000
volume=104.000000
fullscreen=yes
