start=5417.245167
pause=yes
volume=102.000000
